












22029900
21011200





19059090









19059090
9012100

19053100





19059090
19059090
19059090
18063120







16024100
15171000
16010000

19059010

19059010
19059090
19053100

22021000
25010020
48232099












4061090
4061090

19059090











































































18069000




17041000




20079923
22021000
22021000



























22021000
19059090


























19059090













19041000
63079010
19019090
19019090

19019090

22021000

22021000
22089000
22089000

19059090


19059090

19059090


19059090









19012090
21011200
22021000
19059090






17041000











19059090
18063210
18063210





















16010000











19052010

19053100




4061090












19052010

22021000
2201100


17049020
15171000

17049020


19019090
17019900
17049020




4061090

19059090








19059090









19059090






2101120

22029900
21069050
21069050
21069050
21069050


18063210













22029900





19059090























18069000
19059090












17049020

19053100



19059010
22029900















20057000
19059090
19059090

21011200
22029900
21069050
19059090
21069050
19022000







18062000

21033021
















18069090










19059090









17049020
17049020










32041990
32041990
32041990
32041990
19059090
32041990
19059090




22021000
48089000

48195000

19011090
22021000

16010000


16024900

8062000
18063210
18063210



20052000



19059090
22090000
19053100
17049020

19053100
17049020


4072100



4072100
19012000
15162000

20089100


19059090
17049020
17049090
17049020
17049020
19059090

17049020


21069090



18069000








19059090
17049090
18063210

19059090





19059090




19059090








19059090
19059090












20057000


19059090

19059090





































19021100


19059090

19059090






19059090



































19059090







19059090










4062000










19059090



















































